crates sokoshell Festival Sokolution Takaken YASS
   0      100      100      100        100    100
   5      100      100      100        100    100
  10       97      100      100         99     99
  15       65       99       99         93     89
  20       32       98       94         81     78
  25       17       90       88         61     51
  30       22       96       81         53     46
  35       17       85       77         38     17
  40        3       81       64         36     21
  45       13       84       62         44      9
  50        5       79       68         42      0
  55        4       85       38         31     15
  60        0       76       57         10      0
  65        0      100       89          0      0
  75        0       56       56          0      0
