min sokoshell   Festival    Sokolution  Takaken YASS
1   2086        2967        3022        2852    2550
2   2142        3019        3053        2896    2623
3   2174        3074        3069        2922    2658
4   2195        3146        3107        2929    2686
5   2219        3173        3114        2931    2738
6   2237        3184        3120        2938    2829
7   2249        3189        3126        2941    2846
8   2261        3196        3128        2943    2864
9   2263        3200        3129        2944    2865
10  2273        3202        3130        2944    2865